5
2
3
1
5
9
288
2
8
1
1
41
2107
7
21
2
134
168
532
6
2
572
2
5
934
233
8
2
10
249
18
89
189
302
1
7
50
25
31
146
491
44
2
396
12
2
827
3100
14
2
28
267
19
21
5
2176
8
283
11
59
5
17
7598
51
2
1312
84
145
226
1530
1422
1013
5
51
34
8
315
330
776
99
290
18
23
105
1028
1148
10
155
45
170
304
320
482
1888
22
37
29
51
7
91
1908
9
9
325
14
3566
313
1383
21
16
1712
229
693
935
2293
219
127
205
1
6
18
13
15
90
57
674
121
402
3
6
13
85
21
21
777
1720
19
55
3
1
16
37
16
10
185
579
9
70
8
80
31
9
17
1540
3
174
24
30
155
2268
76
634
332
97
69
593
230
9
1
4
815
452
3091
3315
877
65
7
302
91
76
24
1
24
1076
966
24
2
22
658
380
454
148
277
304
15944
8
8
655
779
486
33
35
82
4540
2
7
23
609
834
54
114
34
60
110
53
81
134
811
191
1
5
1001
81
41
380
2047
10563
16
1
38
11
92
8
506
2660
1390
3857
9
6
749
199
2096
157
5146
571
9
65
380
187
51
86
4
479
22
7
5
2
15
1
1
18
1
12
4
5
5
9
6
1
3
2
8
2
4
1
1
1
5
293
39
16
7
7
5
6
1
1
9
1
1
6
21
9
7
2
13
73
14
3
1
11
73
937
53
229
1
43
13
473
143
1798
1
3
1
17
3
1
10775
3199
266
1
5
1
16
13
1
8
2
14
9
910
5
2
4
10
117
6
245
117
2
1
23
32
279
6
5
18
8
101
35
27
44
58
1
78
1
72
1
25
49
422
2
6
20
203
1
1
1
13
1
41
15
2
1
77
11
8
6
3
27
2
1
7
17
29
1
36
14
4
1
2
1
1
3
10
80
11
14
43
319
10
40
437
123
1
13
23
1
8
3
1
2
2
1
1
1
2
5
42
1
1
5
210
86
161
2
438
2
1
32
1
1
1
1
3
34
243
117
1
2
1
17
54
1
3
43
25
8
1
16
5
6
8
108
2
2
7
4
1
1
23
8
2
2
2
14
5
1
67
3
1
10
8
2
2
1
650
1
2
5
2
117
44
1
11
384
885
61
30
1
1
14
21
2
13
1571
1
2
28
3
1
133
1
1
1155
819
1
46
5
1
1
1
3
4
3
2
2
4
8
39
58
20
2
1
11
967
103
1
413
3
8
1
1
222
303
8
8
14
5174
1
1
186
28
2
10588
2067
3
14
3737
2
1
2
1
1
13
1
46
2922
1
1143
1
9
27
1
2
