1
1
1
8
7
2
1
1
1
1
5
3
4
3
2
6
2
44
33
33
21
15
1
6
11
23
10
25
32
25
28
37
1
4
27
8
14
10
30
110
113
52
4
7
30
45
55
39
18
32
153
14
2
5
9
29
27
36
100
81
16
2
1
18
10
26
32
43
100
196
268
25
6
21
41
111
35
51
97
195
108
5
3
16
38
55
108
73
106
162
242
46
2
9
56
31
38
86
123
126
300
224
13
2
44
60
95
52
34
123
187
120
161
13
2
25
49
82
76
55
61
104
151
25
1
2
38
54
39
31
74
129
516
240
6
7
32
62
89
97
157
311
547
351
91
7
37
50
89
153
145
169
238
500
89
5
14
37
121
140
83
114
156
423
542
53
7
30
92
189
127
167
258
277
334
299
11
8
51
106
135
110
113
125
166
318
168
6
5
46
82
121
84
74
194
195
112
19
1
17
76
112
168
177
331
486
358
14
127
296
32
3
25
132
157
102
151
172
311
296
112
10
10
75
85
128
124
135
170
347
179
21
7
12
69
21
63
13
8
41
76
87
112
93
99
129
110
58
25
10
20
75
88
100
80
77
97
150
9
4
31
48
74
87
105
156
324
331
95
2
10
45
65
125
135
208
301
380
126
25
7
35
63
75
148
141
209
397
326
85
11
36
119
82
174
152
96
153
372
306
33
8
52
88
221
305
201
158
257
246
231
16
21
56
192
68
115
121
144
223
244
21
6
3
50
78
80
128
118
133
142
87
17
1
15
44
61
107
94
190
237
358
92
6
17
61
110
140
170
140
259
424
296
41
26
46
93
131
194
114
226
423
643
234
1
26
79
91
182
289
262
354
742
419
28
11
30
204
215
291
176
227
98
148
49
11
6
56
70
64
33
44
25
46
37
11
7
13
23
25
28
31
41
66
24
5
1
5
30
45
81
79
41
77
42
18
3
4
23
47
44
60
68
132
92
34
6
24
21
36
54
30
75
65
114
12
1
26
55
41
55
71
96
177
164
81
5
5
20
68
67
34
62
114
121
53
25
2
7
27
41
41
37
42
39
50
17
12
8
8
24
36
14
37
68
28
20
4
9
32
33
33
35
72
92
45
7
2
17
34
40
74
63
62
129
120
37
4
10
23
47
37
69
49
52
127
181
11
3
13
85
50
70
81
181
154
114
11
5
8
29
49
24
58
43
119
224
79
4
3
10
15
10
14
14
15
32
32
19
12
13
31
33
44
60
69
99
37
17
3
4
25
29
26
88
58
137
122
31
6
8
18
43
60
66
43
25
3
5
1
2
2
2
1
1
4
1
1
3
2
2
1
1
1
1
5
2
1
1
1
1
2
1
2
5
1
1
1
2
1
2
1
4
1
6
1
4
1
4
2
1
2
1
1
4
2
1
1
2
1
1
1
4
26
16
49
13
23
46
58
6
2
2
26
22
36
23
10
42
39
14
2
4
2
10
33
26
35
39
81
24
4
2
11
6
17
25
20
21
68
15
5
13
13
24
32
21
39
43
5
1
1
12
13
13
17
22
58
51
17
5
2
2
19
29
33
23
20
21
4
1
2
37
10
21
18
7
19
14
3
24
27
9
23
19
42
30
20
9
7
10
22
14
43
18
25
13
1
6
9
6
24
35
15
21
23
5
3
8
14
24
9
38
7
16
19
3
2
2
5
11
11
23
11
16
23
39
6
1
2
14
18
30
27
5
22
10
1
2
2
22
13
15
16
11
22
15
96
2
5
3
14
25
20
10
15
21
7
1
1
11
17
15
9
12
11
18
11
4
4
6
7
12
15
3
26
11
17
3
3
3
4
11
2
9
5
6
10
9
4
1
1
4
14
7
1
4
6
3
1
4
1
1
3
2
1
2
1
1
3
8
9
1
13
8
2
1
2
5
2
9
26
7
22
3
1
8
1
2
33
4
10
12
34
8
2
7
6
3
5
10
14
47
24
8
3
2
10
7
7
3
4
22
12
5
1
12
3
11
11
10
18
4
9
1
1
2
6
1
7
1
1
10
10
1
1
4
5
8
9
9
12
18
13
13
4
3
11
7
11
20
29
17
32
5
11
4
32
22
7
13
17
17
23
6
1
3
12
11
9
9
5
17
19
24
1
2
7
8
16
17
3
9
19
31
2
2
3
8
13
13
19
13
7
7
14
1
1
8
6
8
3
9
17
4
2
7
10
6
8
10
27
6
1
1
5
9
7
12
11
7
10
11
10
9
1
1
11
11
15
1
21
38
23
5
2
1
3
3
5
13
14
26
10
5
6
6
12
11
5
13
5
9
2
5
6
3
6
4
13
9
6
1
10
7
5
3
7
4
2
1
5
4
6
9
9
5
2
9
7
15
5
9
10
13
5
5
3
10
7
4
10
2
2
5
6
7
1
3
11
9
15
3
7
11
23
6
5
11
14
3
10
7
3
8
8
12
3
4
33
15
4
6
2
4
2
2
5
3
6
3
4
4
3
5
5
1
5
6
5
7
14
10
9
1
5
13
8
41
14
7
15
30
8
4
8
15
13
2
9
24
16
21
6
3
3
6
6
7
8
13
17
37
16
6
2
1
8
11
7
1
15
21
24
6
2
10
5
10
6
6
6
6
1
2
2
6
12
8
9
20
11
7
12
2
11
50
57
11
2
3
6
12
12
17
21
20
12
4
3
7
1
8
7
4
9
15
17
5
1
20
2
3
2
13
12
55
12
12
3
2
3
9
5
14
21
19
6
5
3
8
5
8
10
5
7
5
3
1
4
63
4
9
5
9
43
4
1
6
4
3
4
11
15
3
1
8
7
8
11
30
76
5
9
1
2
12
15
3
5
5
6
6
8
5
8
3
7
15
12
11
3
7
10
11
8
5
14
13
8
6
6
4
3
5
11
1
1
4
9
4
3
1
2
6
3
1
2
1
5
1
5
19
3
2
1
2
11
5
7
3
7
12
7
1
3
2
8
8
11
10
13
12
2
1
1
4
4
8
10
5
14
4
1
2
3
3
3
3
4
25
3
3
1
2
5
6
5
4
10
4
1
1
2
6
26
7
4
6
5
3
4
14
7
5
15
27
18
7
1
4
10
16
11
9
40
21
20
1
8
13
6
11
19
7
11
6
2
10
7
25
11
27
21
25
10
6
3
7
16
12
17
9
5
1
2
7
11
15
39
9
10
15
4
1
1
3
3
5
4
1
4
2
4
14
50
7
11
3
1
5
2
2
2
2
4
2
10
5
5
6
8
6
7
13
3
11
1
1
6
2
5
5
4
4
28
3
1
1
10
22
10
1
7
5
2
4
4
3
5
100
79
7
4
3
1
1
5
2
3
3
8
5
3
1
2
6
4
12
77
22
8
5
6
3
2
6
12
7
5
7
2
1
6
4
4
1
4
6
9
7
1
6
3
2
3
4
2
11
4
2
2
3
7
10
5
7
4
3
4
2
1
7
9
5
17
10
4
2
1
1
1
2
2
1
3
1
1
6
8
3
2
15
7
3
2
3
7
15
8
2
3
3
4
8
6
5
27
37
9
1
1
2
5
3
7
58
2
1
2
2
4
4
1
4
5
1
1
1
10
3
2
1
1
11
3
1
3
3
5
2
5
6
3
1
7
3
3
2
4
14
4
3
5
2
3
3
2
5
1
1
2
5
4
5
3
5
18
6
1
3
2
1
1
3
1
1
1
2
2
6
1
1
1
1
2
48
1
2
1
1
1
3
5
3
2
2
1
2
1
2
4
4
3
1
1
3
2
3
2
7
4
1
2
7
3
2
1
2
1
1
1
17
4
1
1
1
3
1
1
1
4
2
3
7
2
2
1
1
2
4
7
6
7
3
1
2
3
28
