0
0
0
0
0
0
0
0
0
0
0
0
0
0
0
0
0
0
5
0
2
0
0
0
3
0
1
5
0
9
0
0
0
0
0
0
0
386
0
0
0
0
8
2
8
0
0
380
731
0
0
0
0
7
21
0
2
0
0
0
0
0
0
0
0
2
57
267
465
0
0
0
6
2
572
2
4
1329
213
2
0
0
4
0
79
68
14
82
246
175
0
0
1
8
1
118
27
31
133
423
0
0
61
2
396
0
0
6
11
816
1501
0
0
14
2
37
120
19
21
9
2139
0
0
0
304
5
0
125
1
38
7618
23
0
0
0
2
1352
27
168
220
1663
1730
633
0
0
5
63
2
8
447
124
761
0
0
0
0
68
289
18
17
86
1359
946
0
0
0
14
80
16
184
300
350
3611
870
0
0
0
30
31
29
48
2
525
1325
2
0
0
0
22
258
21
8439
35
1408
21
0
0
0
84
808
155
941
425
3235
104
8
105
171
1
0
6
18
15
20
86
78
754
70
254
0
3
7
25
91
14
180
2190
849
16
0
0
0
42
0
2
0
0
1
18
35
13
7
185
578
12
0
0
0
16
111
6
30
19
11
13
1129
0
0
0
10
159
27
108
110
2689
70
311
0
0
0
8
325
102
87
576
258
9
0
0
2
0
4
1850
617
739
3145
767
65
0
7
345
43
60
24
5
41
1178
439
21
0
23
16
760
161
496
127
572
249
15940
0
8
9
655
805
481
23
39
133
4537
0
0
0
7
2
23
1041
404
42
122
12
0
0
0
0
126
198
24
74
131
949
72
0
0
1
13
765
76
197
177
2087
10495
0
16
0
34
24
87
6
773
2214
1677
2047
0
4
5
13
2146
124
2061
186
5601
316
0
0
18
117
499
263
48
47
4
350
8
0
0
0
6
2
0
0
0
2
0
0
0
0
0
0
0
0
5
1
1
0
0
0
0
18
4
8
0
3
5
0
0
0
0
0
0
0
2
16
4
0
0
0
1
0
3
2
4
4
3
3
0
0
1
1
0
0
0
48
254
44
0
0
0
0
0
1
0
0
8
8
0
0
0
0
0
3
0
0
0
0
6
0
0
0
0
0
0
1
0
1
6
0
0
0
0
1
1
0
0
5
0
21
0
0
0
0
13
11
2
13
67
11
3
0
0
1
0
1
0
0
11
156
688
0
0
357
0
2
43
117
362
210
599
1
0
0
3
4
20
2
0
10575
3286
239
0
0
2
0
0
0
5
1
16
9
0
0
0
0
1
8
2
14
10
923
3
0
0
0
0
4
10
117
6
363
117
1
2
0
0
24
23
279
8
5
0
0
0
0
0
0
0
0
0
0
0
0
0
0
0
0
0
0
0
0
0
0
0
0
0
0
0
0
0
0
0
0
0
0
0
0
0
0
0
0
0
0
0
0
0
0
0
0
0
0
0
0
0
0
14
3
0
33
90
29
0
0
0
27
44
58
1
0
78
0
0
0
0
0
1
72
0
25
65
418
2
0
0
0
0
0
0
8
0
42
143
1
0
0
1
1
13
23
12
3
0
0
0
0
0
0
3
15
23
9
2
0
0
0
1
2
7
7
2
0
1
0
0
1
0
0
7
0
0
0
0
0
0
19
0
0
29
1
36
2
1
0
0
0
4
0
1
2
0
1
1
0
3
0
10
80
0
2
10
0
0
0
14
0
43
0
319
0
10
0
0
0
0
0
0
0
40
0
0
0
437
0
0
0
0
133
0
9
0
0
0
0
13
0
23
0
0
0
1
8
0
0
0
0
1
1
2
0
1
0
0
0
0
0
0
0
1
1
2
0
0
0
0
2
0
5
0
42
0
0
0
0
0
0
0
0
0
0
1
0
0
0
0
0
1
0
0
0
0
0
0
0
0
0
0
0
0
0
0
0
0
0
0
0
0
5
0
0
0
0
0
0
210
0
0
0
0
0
0
30
1
0
0
0
100
0
0
0
0
0
0
1
0
0
438
0
0
0
0
0
0
0
0
0
1
0
0
0
0
0
1
0
0
0
32
0
0
0
0
0
0
0
0
0
0
0
0
0
0
1
1
0
0
1
1
0
0
0
0
0
0
2
9
10
0
243
0
0
0
0
117
0
0
0
1
0
0
0
0
0
0
0
0
0
0
0
2
0
0
0
0
2
0
0
2
7
54
0
0
0
1
0
3
43
0
0
0
0
0
0
0
0
0
0
0
25
0
0
0
0
8
0
1
0
16
0
0
0
0
1
0
0
0
0
0
6
0
0
0
0
0
5
6
254
0
0
0
0
0
0
0
2
7
6
0
0
0
0
0
1
0
0
0
0
0
0
0
0
0
0
0
23
8
0
0
2
0
0
0
0
0
0
0
0
0
0
0
0
0
0
0
0
1
1
0
0
14
0
0
0
0
0
0
0
0
0
0
0
0
0
0
0
6
0
0
0
1
0
0
0
0
0
0
0
0
0
0
0
0
67
0
0
0
0
0
0
0
0
0
0
0
0
0
0
0
0
0
0
0
0
0
0
0
0
3
1
0
0
0
0
0
0
0
0
29
7
0
0
0
0
0
0
0
2
2
0
0
0
0
0
0
0
0
1
1
647
0
0
0
0
0
1
0
1
0
5
1
0
0
0
0
0
0
0
0
0
0
0
0
0
117
0
2
3
0
0
0
1
0
19
611
18
0
0
0
0
0
0
6
39
30
0
0
0
0
0
0
0
0
0
0
14
0
76
0
0
0
0
0
18
1525
0
0
0
0
0
0
0
1
28
3
0
0
0
0
0
0
0
0
0
0
0
0
0
0
0
0
0
58
19
0
0
1
0
0
0
0
1
0
0
0
0
0
0
0
1580
533
0
1
0
0
0
0
0
0
0
0
0
0
0
0
0
0
63
0
0
5
0
0
0
1
1
0
0
0
0
0
0
0
0
0
0
0
0
0
0
0
0
0
0
0
0
0
0
0
0
0
0
3
0
0
0
4
0
0
0
0
0
0
0
0
0
0
0
3
2
3
0
0
0
0
0
0
4
0
0
0
0
0
0
0
0
0
11
30
0
0
0
0
0
0
0
0
0
0
0
0
0
0
0
21
0
0
0
0
0
0
0
24
0
1
0
0
11
0
0
0
0
0
0
0
2
736
0
0
0
0
0
0
0
0
1
0
0
0
0
2
62
1
523
0
1
0
0
0
0
8
2
1
0
0
0
0
0
0
567
82
0
36
1
0
0
0
0
0
0
0
0
0
0
0
14
4815
0
0
0
0
0
0
0
0
0
0
1
0
0
0
0
0
0
0
0
0
0
0
0
0
0
0
0
0
186
0
0
0
0
25
0
0
0
0
0
0
0
272
11497
22
0
0
0
0
0
0
0
0
0
0
0
0
0
0
0
0
0
33
3735
0
0
0
0
0
0
0
0
0
0
0
0
0
0
0
0
0
0
0
0
0
0
0
0
0
0
0
0
0
0
0
0
0
0
0
0
0
0
0
0
0
0
0
0
1
12
0
0
0
0
0
0
0
0
0
0
0
0
0
0
0
1
0
0
0
0
0
0
0
13
0
0
0
0
0
0
0
0
0
15
43
2922
0
0
0
0
0
0
0
13
449
0
0
0
0
0
0
0
0
0
0
0
0
0
0
0
0
0
0
0
0
0
0
0
0
0
0
0
0
0
0
0
5
0
0
0
0
0
0
0
0
0
0
0
0
3
0
0
0
0
9
0
0
0
0
0
0
0
0
0
0
0
0
0
0
0
0
0
0
0
0
0
0
0
0
0
0
0
0
0
0
0
0
0
0
0
0
0
0
0
0
0
0
0
0
0
0
0
0
0
0
0
0
27
0
0
0
0
0
0
0
0
0
0
0
5
0
0
0
0
0
0
0
0
2
0
0
0
0
0
0
