5
2
3
1
5
9
386
8
2
8
685
421
2
21
2
16
17
520
336
6
3
534
2
1
1327
203
2
4
139
45
22
80
298
122
1
8
1
117
27
46
105
178
61
2
396
2
3
37
1307
605
14
2
47
92
19
21
142
838
316
4
208
1
85
7588
18
2
1371
23
188
160
1667
1776
440
5
75
2
8
514
81
755
11
43
288
16
20
71
1518
719
52
49
12
192
167
346
3835
415
2
31
24
29
49
1
909
1025
1
106
249
30
8468
10
1409
21
5
192
679
120
980
272
3730
98
33
109
125
6
20
18
30
92
95
724
125
131
3
7
26
92
15
181
3707
617
15
2
22
1
2
1
20
66
6
7
184
555
11
25
136
47
10
23
11
14
710
17
134
27
110
86
2690
112
139
8
330
119
87
531
252
8
2
2
2
2053
950
490
2954
753
42
7
407
45
38
24
8
91
1334
435
21
23
29
760
176
526
129
771
253
13057
8
15
646
805
489
16
39
185
3603
7
2
22
1277
282
38
128
6
126
313
18
67
128
1133
8
1
17
588
73
327
169
2124
10468
16
2
34
46
84
8
945
2596
1558
1161
4
2
26
2965
407
1875
223
5553
267
20
230
476
289
73
29
6
263
6
2
2
5
1
8
18
4
8
1
5
8
2
15
3
1
3
2
4
4
3
3
1
1
46
256
42
1
4
8
3
6
1
6
1
1
1
1
2
21
13
11
2
13
56
11
3
1
1
11
332
446
357
2
39
273
310
417
224
2
5
4
20
2
3
9704
3238
239
2
5
1
16
9
1
8
1
14
14
942
2
4
10
117
7
340
127
2
25
23
184
9
5
14
3
33
96
16
27
28
58
1
78
1
73
25
65
418
2
8
43
109
1
1
13
47
26
1
3
43
25
11
5
1
35
5
2
1
1
7
2
5
29
1
36
14
4
1
2
1
1
3
10
80
2
10
14
43
319
10
39
437
133
9
13
23
1
8
1
2
2
1
1
2
2
5
42
1
1
5
210
83
8
29
2
438
1
32
3
1
1
1
2
8
10
243
117
1
2
2
3
8
54
3
43
25
8
1
16
5
6
8
8
254
3
1
5
1
18
8
2
1
2
14
6
1
8
3
1
1
29
7
2
2
1
2
648
1
1
1
3
1
117
2
3
1
55
932
13
16
21
30
1
2
14
76
18
1526
1
2
28
3
93
5
1
1770
61
1
60
1
1
1
3
4
3
2
3
4
2
65
5
21
32
1
11
4
714
1
1
21
18
1
523
1
1
2
1
870
33
89
14
4815
1
2
186
1
25
697
11704
14
46
3735
1
1
12
1
13
23
43
2922
31
311
5
3
3
27
5
2
