6
38
152
257
279
165
34
14
7
1
6
78
203
108
179
70
6
10
5
1
10
145
148
124
101
71
14
6
6
1
3
130
239
242
229
92
22
18
1
1
10
140
176
242
208
24
12
3
1
1
4
2
3
3
1
1
2
1
2
6
7
1
12
5
2
52
143
256
178
67
23
11
14
2
4
10
112
278
223
161
37
12
2
2
2
4
15
172
177
193
130
40
14
13
5
5
1
67
225
210
114
35
8
6
11
10
6
2
8
14
2
52
19
6
2
2
7
3
1
1
7
3
3
6
6
6
15
9
6
3
4
2
73
346
156
177
93
19
20
4
3
4
17
142
225
168
158
53
29
15
7
4
61
253
162
201
83
43
22
8
4
17
121
155
195
145
25
11
8
26
7
2
55
242
204
225
57
28
11
3
11
1
7
6
2
4
1
3
2
1
7
10
19
10
1
2
1
12
85
235
220
193
59
9
5
1
1
1
34
155
239
167
142
27
9
12
4
3
1
79
212
90
143
63
28
10
4
3
21
188
142
262
118
50
8
4
7
3
1
62
242
235
174
55
5
15
5
4
7
7
26
22
7
6
2
3
7
11
10
24
25
9
5
12
6
9
155
243
315
141
37
8
8
5
5
42
258
155
193
79
19
16
5
2
1
5
85
25
176
301
26
14
4
1
6
68
204
179
212
127
36
14
19
5
4
6
90
184
140
189
49
5
2
10
1
3
5
4
3
1
3
2
2
4
2
5
15
4
8
4
2
3
3
16
170
198
253
151
46
8
5
2
12
4
68
201
231
153
82
22
24
6
2
1
26
133
191
223
105
69
13
11
10
3
2
105
117
158
204
97
25
8
6
1
8
17
206
171
199
181
27
3
12
1
2
13
8
6
1
4
1
6
14
12
6
10
9
3
5
2
31
239
192
197
110
69
22
15
1
5
101
234
194
138
104
32
25
11
3
23
202
206
182
168
57
4
10
4
2
13
98
222
158
177
53
28
6
7
5
3
24
157
223
217
125
42
7
21
14
5
2
7
3
4
6
4
1
5
8
8
4
3
12
1
1
2
69
191
125
154
87
26
20
2
1
5
93
162
194
166
57
30
21
10
48
207
149
323
151
20
7
13
1
3
60
181
158
140
38
11
6
1
24
155
113
214
146
16
3
1
1
1
1
8
3
8
2
1
3
6
4
7
6
5
14
12
8
4
59
287
202
166
71
11
4
4
19
110
268
276
125
17
23
5
2
3
97
203
278
227
98
26
17
3
1
8
114
318
201
162
39
25
55
7
7
1
38
198
392
207
55
16
6
3
8
5
45
2
2
2
12
6
2
10
23
15
14
1
1
4
92
247
222
140
57
3
13
3
11
30
242
216
182
77
41
3
4
1
1
58
124
198
153
27
6
4
1
1
7
1
3
7
7
1
2
3
1
2
1
1
3
1
1
2
10
2
4
1
2
1
1
4
1
2
4
2
1
10
3
3
4
138
227
185
84
22
29
11
2
52
141
230
171
83
23
25
9
29
6
135
129
177
134
136
11
13
7
1
112
138
170
146
105
26
17
14
2
11
106
221
187
189
42
6
10
4
4
9
1
1
2
1
2
1
3
2
46
7
16
39
7
2
8
30
108
170
182
83
35
33
2
2
17
151
156
174
188
70
7
11
6
1
47
160
345
188
127
51
12
5
1
14
108
292
178
173
71
17
7
8
5
31
177
165
186
105
58
20
1
1
3
1
7
5
3
14
1
2
3
6
6
14
5
2
1
6
30
249
197
193
68
14
5
3
16
2
23
218
128
112
153
78
12
3
2
1
3
106
221
312
180
149
29
20
12
2
7
133
195
145
162
33
48
12
21
1
56
211
291
172
97
9
10
6
2
1
37
6
19
4
8
3
1
1
8
11
13
8
7
6
6
9
3
1
105
181
182
232
54
41
18
12
1
1
15
248
202
156
123
61
24
6
1
2
1
43
245
214
181
52
21
5
7
2
13
92
153
199
97
38
14
3
1
1
71
140
149
212
92
23
8
1
2
12
1
1
2
5
2
1
1
2
9
3
13
4
1
10
3
5
123
279
318
174
71
54
21
12
3
4
48
186
221
185
84
21
21
17
1
4
68
269
233
209
58
23
10
3
1
1
17
139
209
158
117
36
10
9
3
123
164
217
149
126
22
3
6
1
5
1
5
9
17
2
1
1
1
5
18
14
17
2
13
15
3
1
46
220
173
179
124
50
17
16
4
1
74
215
174
189
69
23
15
45
4
3
22
215
323
209
133
33
10
26
18
7
2
68
132
149
262
127
18
10
2
8
1
7
122
264
219
149
35
9
10
11
5
1
14
42
31
5
14
16
1
1
1
5
2
4
3
3
2
3
10
263
212
176
139
28
6
8
2
3
80
205
209
148
77
37
25
7
10
49
127
184
188
117
45
50
10
6
7
1
37
87
189
98
120
26
12
5
6
11
172
143
137
89
35
24
3
1
4
2
3
1
7
12
3
18
4
6
3
2
5
40
191
233
173
177
29
9
17
1
1
308
192
134
62
15
17
15
3
1
68
141
154
239
95
30
19
11
10
198
201
196
235
121
19
21
7
6
2
56
265
186
159
98
65
13
7
2
1
3
12
17
3
7
2
1
9
2
3
5
15
37
56
22
26
3
83
300
286
198
105
51
11
16
2
2
10
151
207
189
168
63
11
13
3
3
87
247
210
228
97
24
47
15
6
4
20
192
159
153
165
35
10
11
7
5
3
109
239
160
213
88
33
10
18
15
4
4
7
3
14
6
42
19
21
9
4
3
5
5
6
5
17
20
4
1
7
6
76
212
180
184
114
28
30
2
5
25
162
205
149
158
31
22
4
4
6
11
64
178
225
237
86
18
16
21
16
2
21
148
154
175
128
48
18
9
25
6
7
103
199
144
206
73
27
10
14
4
7
5
4
8
1
7
6
1
1
9
3
15
9
14
4
16
6
1
4
9
102
216
186
245
67
29
5
1
4
1
118
497
268
181
98
34
29
10
4
1
12
73
188
159
186
47
34
10
2
29
7
31
188
153
348
127
59
24
18
15
5
15
129
260
181
253
115
7
19
2
2
1
1
3
5
2
13
6
1
7
4
3
3
8
10
1
6
5
4
45
171
218
144
109
35
9
5
13
1
1
85
264
302
201
69
44
41
10
4
2
13
186
334
207
157
68
28
11
24
13
5
50
284
282
206
132
18
7
24
1
1
30
139
299
198
187
52
17
19
14
11
3
3
14
5
4
7
4
11
5
3
5
5
4
19
6
7
3
87
204
273
293
104
60
28
21
9
1
7
52
204
175
154
65
38
29
7
1
25
259
128
129
126
56
19
7
1
5
3
71
274
233
186
92
21
23
3
3
15
186
195
194
138
50
17
7
1
2
1
2
13
1
3
1
8
14
4
12
7
6
33
309
215
232
159
51
44
5
2
1
15
105
220
210
157
63
13
3
3
34
168
251
305
290
105
19
20
2
1
5
128
209
170
287
93
46
24
14
3
36
224
142
252
119
34
4
26
2
6
2
24
5
17
28
14
1
7
1
7
3
1
1
3
5
1
1
1
2
3
1
18
3
2
8
1
49
154
379
215
190
39
24
8
1
3
1
76
189
207
171
150
30
9
4
7
140
378
200
122
50
26
16
2
39
191
141
247
155
46
14
6
1
2
7
11
13
11
4
2
4
1
3
1
1
3
10
8
9
18
14
6
1
9
154
371
256
257
76
17
6
7
21
228
341
309
176
80
20
24
16
3
2
149
236
241
194
101
26
18
3
10
7
97
271
207
197
226
85
11
24
5
2
5
54
240
177
190
62
16
10
4
4
9
2
8
11
46
17
7
3
2
7
5
5
3
4
7
16
11
2
13
12
14
19
23
8
5
7
2
9
5
4
15
4
3
7
10
5
4
78
144
138
118
44
14
17
4
41
146
134
137
75
20
8
7
21
13
5
42
113
94
91
39
19
6
1
2
3
5
7
4
4
1
1
3
1
5
8
8
15
5
13
4
145
270
238
245
140
55
23
14
3
77
266
168
309
93
46
8
12
2
11
167
289
257
101
74
17
17
10
41
252
238
159
118
27
28
10
7
3
38
160
209
181
196
55
39
1
12
1
2
12
11
2
25
2
9
1
7
5
17
16
5
10
11
16
1
23
188
265
330
114
43
12
7
1
15
76
224
167
139
70
20
22
7
1
38
161
171
216
238
39
8
13
1
3
84
274
122
182
72
16
21
1
69
184
306
313
189
48
17
10
3
17
7
9
8
4
7
3
8
23
6
1
10
6
2
10
30
28
5
2
130
216
274
197
153
15
33
1
1
2
21
142
174
309
234
43
41
12
9
85
239
209
184
125
47
19
14
3
1
31
168
190
207
130
96
21
18
4
1
41
159
237
208
166
23
17
17
1
1
2
6
5
15
42
10
10
5
8
3
7
6
6
13
5
2
4
172
474
319
275
201
37
22
9
1
2
40
225
162
123
131
29
23
22
1
3
61
190
182
182
80
29
38
12
4
15
202
303
292
158
40
13
25
3
3
64
232
188
279
105
39
16
5
1
3
8
8
7
4
9
7
5
3
6
1
1
23
7
9
7
1
2
13
143
286
267
150
105
27
16
7
10
1
37
137
397
229
107
52
48
9
3
17
103
182
335
264
106
16
29
3
1
2
17
147
210
276
170
51
29
18
2
7
11
98
232
225
244
91
57
16
9
1
2
2
6
24
9
3
14
26
16
4
10
4
6
32
15
27
11
19
30
39
6
4
29
194
251
293
238
73
42
24
15
17
3
96
310
199
243
129
38
14
10
2
1
12
182
212
306
191
49
11
10
5
1
1
42
265
202
194
147
18
45
8
3
2
100
180
125
275
90
21
12
4
2
20
16
10
32
16
38
28
8
4
8
80
40
32
20
50
10
4
2
4
380
834
436
352
154
82
18
8
2
142
437
350
669
256
66
46
38
6
62
390
508
364
360
168
54
14
4
16
303
546
266
480
174
36
60
54
58
10
26
314
406
453
139
28
16
13
6
1
1
1
3
2
3
2
8
1
3
1
1
20
11
6
7
2
11
9
5
49
154
95
232
206
50
17
11
4
7
9
172
194
201
206
78
38
30
23
7
48
138
244
230
151
47
20
8
9
6
10
85
249
199
150
60
21
12
4
3
10
15
23
17
25
24
10
4
13
10
4
6
3
13
15
10
9
17
6
2
1
16
19
6
24
19
4
7
5
2
4
54
218
113
158
106
30
22
10
4
11
25
163
263
161
167
67
19
21
11
9
2
24
158
144
214
136
41
27
8
9
12
120
284
208
289
70
44
5
18
4
30
193
174
256
123
58
25
4
1
4
4
6
10
11
10
6
12
2
1
1
9
12
13
23
12
11
10
3
1
5
70
185
205
188
95
26
20
18
5
1
36
153
193
126
138
35
10
30
5
3
2
54
134
190
197
44
19
8
7
17
21
10
128
139
155
180
32
9
12
1
2
32
163
116
186
48
29
5
4
5
10
16
5
3
2
17
1
8
9
6
8
3
3
5
2
1
17
76
148
170
107
55
24
10
10
14
11
121
128
175
172
51
4
7
1
9
22
70
134
123
117
38
32
15
8
2
1
34
149
117
168
83
60
19
3
12
2
56
137
90
85
60
33
15
2
1
3
3
4
2
4
9
1
4
1
10
22
11
1
3
6
1
5
69
113
115
87
44
9
5
1
2
48
130
101
163
96
44
11
6
1
14
101
128
92
119
37
9
1
3
3
25
90
100
84
50
13
6
2
1
11
70
141
86
47
10
11
5
1
4
5
7
2
3
3
2
1
3
1
11
3
6
2
7
80
128
113
68
21
15
6
3
8
21
96
109
157
37
7
6
3
2
45
123
109
114
39
33
14
1
1
1
33
136
75
89
49
13
1
3
2
5
96
107
71
65
17
4
6
4
3
2
2
2
1
3
1
5
7
12
2
1
3
3
16
126
90
96
78
27
12
8
2
2
51
102
87
78
21
13
9
12
66
89
90
85
37
6
3
4
31
101
86
92
35
16
3
5
21
74
62
112
84
20
8
3
6
6
1
3
2
1
2
13
10
21
5
4
4
1
1
4
26
131
114
88
65
16
7
1
3
12
81
181
127
89
31
6
4
2
5
4
31
97
72
73
50
21
13
6
1
3
11
39
102
88
134
25
7
12
10
6
1
57
188
115
134
35
39
14
2
1
1
1
1
1
2
3
1
2
3
3
4
3
1
8
3
1
48
161
158
116
60
18
5
2
4
1
9
150
129
156
95
32
22
12
16
1
2
61
106
110
130
93
18
2
8
5
1
15
87
144
181
158
20
14
32
2
3
1
49
132
164
126
79
22
10
1
1
1
5
5
2
8
4
3
2
1
2
4
1
5
1
1
1
7
331
130
115
121
49
10
12
1
6
1
23
149
161
94
110
16
2
1
2
12
87
140
122
169
98
10
6
25
177
192
138
117
30
3
12
7
5
2
64
163
174
192
37
15
4
3
2
2
2
2
5
1
3
2
1
1
2
4
4
5
5
1
12
158
168
159
140
48
18
5
4
4
31
180
152
229
168
61
14
2
1
2
22
162
344
147
116
53
31
5
13
11
8
42
272
158
159
112
48
40
37
12
1
8
122
249
215
178
79
42
11
11
5
7
5
3
26
5
12
12
16
1
1
1
3
7
7
6
3
8
10
11
3
13
158
265
205
242
42
43
18
14
121
213
178
200
83
22
19
13
2
160
301
144
110
54
51
29
23
15
20
87
273
133
164
103
27
20
13
1
9
44
277
208
189
181
26
5
6
2
9
3
2
3
5
5
1
8
3
4
4
11
9
22
4
54
255
242
229
139
50
22
19
3
10
6
139
227
308
249
100
19
45
11
10
2
16
273
259
181
149
51
55
22
24
12
3
97
265
285
257
103
34
8
19
8
11
52
246
269
254
122
84
25
13
17
1
7
21
4
5
6
1
2
2
12
4
7
5
28
16
41
4
2
69
243
231
239
86
26
11
3
1
1
7
150
195
234
218
57
24
12
5
2
1
80
274
250
218
131
19
9
12
15
5
15
138
238
199
167
41
12
20
19
6
2
50
287
256
208
166
28
72
1
21
7
4
9
13
19
2
2
3
9
7
9
46
12
7
9
13
2
89
356
282
153
63
15
4
6
4
18
157
166
176
131
89
13
8
7
19
106
208
240
241
103
20
23
18
13
7
5
260
257
303
193
32
23
6
20
4
58
214
247
220
81
28
1
1
10
8
5
35
2
11
4
9
4
3
3
2
16
7
5
7
19
8
3
44
190
231
209
246
191
22
22
13
12
4
118
359
233
267
149
61
16
3
6
5
164
244
186
207
136
25
17
17
7
3
22
183
197
231
127
69
16
14
3
7
2
118
192
255
161
67
25
14
49
2
7
4
3
7
20
2
8
2
6
2
1
3
9
19
16
27
19
3
1
10
179
236
346
166
44
24
4
2
3
120
280
187
176
96
26
21
5
1
1
193
239
256
212
68
36
16
3
139
188
241
288
104
43
18
16
3
2
3
159
301
229
198
57
46
25
14
22
3
1
10
15
6
11
15
13
7
1
1
3
9
21
16
8
17
15
18
14
2
39
199
269
299
241
33
27
13
5
3
2
136
233
270
257
69
32
7
33
8
30
218
254
230
216
64
53
8
7
5
2
186
237
275
231
131
37
22
14
15
16
16
185
173
286
227
105
18
10
13
1
1
8
6
10
4
4
8
7
1
2
7
8
2
12
12
6
2
150
376
179
235
106
33
75
15
1
1
33
196
223
274
201
104
21
37
22
4
2
74
453
454
311
231
66
59
35
4
3
181
339
241
196
125
51
18
1
1
78
366
326
286
140
38
15
7
3
1
5
1
4
4
15
39
20
3
1
1
1
24
24
15
20
6
2
3
5
3
9
22
15
5
9
3
3
9
188
247
249
207
72
20
21
1
12
151
231
225
323
160
75
15
14
17
2
21
141
257
295
207
115
19
17
22
16
74
207
152
127
97
17
9
7
3
4
2
8
12
13
8
7
7
12
4
5
5
2
4
6
15
12
18
16
3
5
2
259
384
327
234
103
31
25
9
3
7
46
234
214
295
207
74
35
10
18
2
22
130
289
458
253
179
55
50
16
6
1
70
184
286
397
323
124
49
14
7
17
3
104
300
200
158
140
38
8
7
2
3
3
2
10
10
5
2
2
1
7
1
7
5
6
14
9
9
9
3
16
178
221
246
282
62
25
17
12
6
13
67
300
213
234
173
82
33
5
6
46
203
343
338
207
79
18
3
2
5
2
41
39
48
23
14
4
1
1
7
10
27
80
42
34
28
6
1
3
16
9
3
2
3
1
3
3
2
4
5
6
2
7
57
56
41
40
16
8
2
1
3
1
25
46
39
52
23
11
11
3
2
34
68
42
39
12
4
8
16
60
40
29
18
18
4
10
1
5
43
59
45
30
29
1
3
6
2
3
10
2
1
4
1
5
1
1
10
8
40
69
57
20
3
1
1
9
6
16
34
42
43
5
3
1
8
1
7
46
62
44
22
10
4
2
2
1
23
38
38
35
16
3
3
6
6
49
43
43
21
3
4
1
2
2
1
2
1
1
1
2
3
3
6
12
1
16
40
35
51
26
4
6
3
1
4
24
54
35
35
16
6
4
14
2
5
63
37
27
25
6
15
4
3
1
2
25
46
27
33
13
4
1
1
11
41
34
38
17
12
4
1
5
1
2
2
4
3
2
2
3
7
2
2
7
1
2
2
22
77
97
77
9
8
1
11
1
3
34
35
38
35
11
11
2
1
12
91
183
277
131
29
20
4
5
2
21
222
327
250
199
81
34
8
12
5
5
168
423
273
290
136
20
20
7
4
1
2
26
15
12
13
7
3
2
3
1
5
5
3
1
14
8
5
25
1
10
211
402
242
338
178
65
24
2
4
96
224
249
495
152
92
14
13
12
3
4
203
257
360
185
80
23
8
14
28
12
21
287
420
385
171
45
26
17
48
4
1
139
238
185
114
78
15
6
1
1
4
4
2
2
3
2
1
3
1
10
11
4
14
13
1
1
13
20
8
4
1
2
2
4
2
13
5
3
2
8
1
7
19
4
9
7
1
2
10
13
10
12
6
13
6
1
68
239
267
198
131
66
17
8
1
2
2
102
201
226
292
157
33
18
20
5
26
176
328
306
291
106
28
33
3
1
4
133
335
255
229
123
19
16
6
7
8
36
115
383
251
171
71
11
53
4
5
3
11
9
11
12
17
17
8
4
1
7
6
3
35
18
13
3
2
127
286
346
321
135
65
12
20
8
5
1
171
256
257
193
120
29
18
10
2
48
275
294
159
171
33
7
41
6
3
8
110
338
238
357
77
32
19
17
4
4
98
241
295
162
151
50
16
8
5
5
2
6
7
15
10
6
3
15
2
11
2
8
26
14
10
11
2
1
111
394
228
242
168
33
33
35
5
1
12
302
338
326
200
108
74
14
6
2
3
134
286
365
352
150
74
13
7
4
1
7
151
270
293
249
118
39
31
3
1
2
48
266
314
292
147
53
20
27
5
3
7
26
10
18
3
8
16
4
3
8
4
2
9
25
39
14
13
16
10
262
251
284
272
184
86
12
14
23
7
52
287
304
235
201
73
23
36
11
25
6
130
367
322
275
171
43
7
22
27
6
18
232
323
249
166
80
49
41
6
1
12
94
332
273
398
125
29
13
3
4
1
1
9
5
23
23
27
23
4
25
4
1
9
8
19
3
11
10
25
6
2
15
248
312
294
283
137
28
26
17
12
8
94
245
223
246
301
79
7
2
25
9
8
151
224
281
218
112
24
6
25
3
7
87
229
323
316
195
42
9
25
13
6
4
81
292
298
337
157
16
3
6
5
4
5
12
9
12
2
10
3
1
4
3
3
3
7
2
4
9
7
2
3
7
119
235
164
128
43
9
8
8
1
1
3
8
8
5
20
33
26
25
14
16
33
211
320
307
226
64
16
25
5
5
2
34
404
286
232
161
38
16
18
1
8
158
300
274
254
125
45
10
9
4
1
3
6
10
14
5
22
15
2
5
6
14
1
15
20
17
10
1
3
2
37
306
371
276
365
67
58
21
27
5
12
171
324
240
286
156
49
46
11
24
3
90
234
411
239
378
116
33
20
8
6
10
85
309
379
336
211
60
5
29
12
4
20
206
335
300
204
89
10
5
2
1
9
26
9
10
17
4
1
3
4
10
18
16
37
16
18
12
25
9
54
307
310
391
225
73
18
17
6
8
146
269
209
240
83
63
38
20
10
76
344
287
203
165
51
34
11
2
5
143
331
267
208
116
44
12
14
1
65
290
336
242
184
54
19
21
9
5
20
9
2
5
10
4
2
2
5
6
11
30
40
5
5
4
5
115
206
220
227
149
65
11
13
5
4
10
207
197
163
169
139
23
25
7
3
2
58
225
151
159
154
47
26
9
5
2
46
226
292
156
301
87
21
18
17
13
6
48
162
280
243
128
35
20
14
3
2
4
3
7
5
11
8
10
3
5
2
7
24
9
17
48
23
9
9
16
190
436
470
333
148
65
24
6
3
2
80
289
256
460
198
86
24
31
10
11
6
127
271
290
236
134
38
21
20
6
2
19
173
234
276
209
77
25
7
11
3
1
98
358
244
236
96
25
10
8
2
2
2
7
17
8
5
12
27
14
5
5
1
28
38
49
48
23
33
5
11
39
269
240
197
327
145
22
36
31
7
96
256
212
203
192
80
26
54
3
10
2
164
303
316
417
111
42
23
15
13
10
71
285
225
381
199
71
37
18
3
3
33
142
309
262
243
158
26
16
13
6
4
5
7
12
9
19
23
9
8
10
1
7
1
8
12
29
32
15
12
2
47
277
313
313
202
107
31
25
22
2
10
103
351
306
369
163
52
22
40
9
2
89
248
397
256
226
84
28
22
9
3
1
106
299
236
300
140
22
3
20
2
6
11
160
253
262
236
70
10
3
5
3
10
3
17
9
5
3
2
13
4
2
5
3
4
6
12
2
1
3
8
14
1
2
1
5
2
1
2
3
1
9
10
21
3
1
5
2
34
76
234
135
77
16
7
17
8
1
5
92
137
332
139
28
24
6
4
60
10
117
97
110
126
12
4
2
2
42
131
108
56
19
12
4
2
1
4
5
8
15
16
2
