0
0
3
1
9
4
0
0
0
0
0
0
2
23
5
5
1
0
0
0
0
8
10
2
71
8
0
0
0
0
4
10
14
6
1
1
0
0
0
144
26
11
0
0
0
0
0
0
0
0
0
0
0
0
0
0
0
0
0
0
0
0
0
0
0
8
9
3
0
0
0
0
0
3
33
12
1
0
0
0
0
0
0
0
0
10
4
21
0
8
0
0
0
0
0
18
22
6
0
0
0
0
0
0
0
0
0
0
0
0
0
0
0
0
0
0
0
0
0
0
0
0
0
0
0
0
0
0
0
0
0
0
0
22
3
2
4
0
0
0
0
0
0
34
6
2
5
26
3
0
0
0
1
3
4
6
0
0
0
0
0
0
0
87
51
10
9
0
0
0
0
0
0
8
10
4
2
0
0
0
0
0
0
0
0
0
0
0
0
0
0
0
0
0
0
0
0
0
0
0
1
76
33
47
7
0
0
0
0
0
0
47
177
8
5
0
0
0
0
0
0
0
5
1
1
0
0
0
0
0
0
1
10
4
10
32
0
0
0
0
0
0
15
9
12
1
2
0
0
0
0
0
0
8
0
0
0
0
0
0
0
0
0
0
0
0
0
0
0
8
1
162
12
0
0
0
0
0
0
12
48
25
3
2
0
0
0
0
0
0
0
0
8
3
0
0
0
0
0
0
10
1
10
0
0
0
0
0
0
0
0
66
7
2
0
0
0
0
0
0
0
0
0
0
0
0
0
0
0
0
0
0
0
0
0
0
0
0
8
5
17
0
1
0
0
0
0
0
0
7
10
5
0
0
1
0
0
0
0
27
9
4
0
0
0
1
0
0
0
11
2
17
1
0
0
0
0
0
0
1
3
11
20
0
0
0
0
0
0
0
0
0
0
0
0
0
0
0
0
0
0
0
0
0
0
0
8
14
15
4
0
0
0
0
0
0
7
27
11
0
3
0
0
0
0
4
3
2
7
2
0
0
0
0
0
0
3
6
10
1
0
0
0
0
0
2
0
36
1
1
0
0
0
0
0
0
0
0
0
0
0
0
0
0
0
0
0
0
0
0
0
0
0
20
3
3
39
0
0
0
0
0
0
3
3
8
1
4
0
0
0
0
4
7
14
11
0
0
0
0
0
0
6
0
2
2
0
0
0
1
16
14
7
0
0
0
0
0
0
0
0
0
0
0
0
0
0
0
0
0
0
0
0
0
0
2
10
17
8
1
0
0
0
0
0
9
0
7
0
0
0
0
0
0
0
1
7
2
10
0
0
0
0
0
0
5
18
4
7
1
0
0
0
0
5
8
5
7
0
0
0
0
0
0
0
0
0
0
0
0
0
0
0
0
0
0
0
0
0
19
1
8
2
0
0
0
0
0
0
0
29
0
2
7
0
0
0
0
2
1
1
0
0
0
0
0
0
0
0
0
0
0
0
0
0
0
0
0
0
0
0
0
0
0
0
0
0
0
0
0
0
0
0
0
0
0
0
0
0
0
0
0
0
1
1
5
2
0
0
0
0
0
6
82
1
5
0
0
0
0
0
0
1
1
5
2
1
0
0
0
0
0
2
27
17
7
1
0
0
0
0
0
2
7
11
9
0
0
0
0
0
0
0
0
0
0
0
0
0
0
0
0
0
0
0
0
0
0
30
13
2
0
65
0
0
0
21
1
2
14
3
0
0
0
0
0
4
18
29
20
28
0
0
0
0
0
23
8
12
8
0
0
0
0
0
0
126
13
78
11
128
277
0
0
0
0
0
0
0
0
0
0
0
0
0
0
0
0
0
0
0
0
26
3
7
0
0
0
0
0
0
0
1
7
3
0
38
0
0
0
0
58
108
80
29
0
0
0
0
0
3
151
22
17
0
0
0
0
0
0
0
17
16
15
2
0
0
0
0
0
0
0
0
0
0
0
0
0
0
0
0
0
0
0
0
0
0
0
0
6
12
19
1
0
0
0
0
0
0
5
67
53
13
0
0
0
0
0
0
0
3
26
10
3
0
0
0
0
0
0
0
1
2
3
0
2
0
0
0
1
192
11
51
0
0
0
0
0
0
0
0
0
0
0
0
0
0
0
0
6
0
0
24
47
17
1
0
0
2
0
0
0
19
104
9
2
0
0
0
0
0
0
15
48
46
8
2
0
0
0
0
0
26
41
1
0
0
0
0
0
30
5
7
28
0
0
0
0
0
0
0
0
0
0
0
0
0
0
0
0
0
1
0
0
0
0
17
1
4
2
0
0
0
0
0
50
3
3
13
1
0
0
0
0
0
0
0
8
10
1
0
0
0
0
0
0
1
19
9
57
1
0
0
0
0
0
0
2
26
7
14
0
0
0
0
0
0
0
0
0
1
0
0
0
0
0
0
0
0
0
0
0
3
25
88
5
0
0
0
0
0
0
0
6
14
13
17
4
0
0
0
0
0
0
2
15
41
0
0
1
0
0
0
0
24
6
6
16
6
0
0
0
0
0
21
13
1
10
0
0
0
0
0
0
0
0
0
0
0
0
0
0
0
0
0
0
0
0
24
10
46
2
0
0
0
0
0
0
45
40
2
0
0
0
0
0
0
2
23
10
6
0
0
1
0
0
78
5
4
19
0
0
0
0
0
0
4
23
23
10
4
1
0
0
0
0
0
0
0
0
0
0
0
0
0
0
0
0
0
0
0
25
0
0
25
5
3
1
1
0
0
0
0
0
0
11
11
17
2
0
0
0
0
0
0
0
8
24
11
0
0
50
0
0
0
4
5
1
26
1
0
0
0
0
0
0
3
36
0
12
3
0
0
0
0
0
0
0
0
0
0
10
0
0
0
0
0
0
0
0
0
0
0
0
0
0
18
50
2
3
35
0
0
0
0
6
9
39
6
0
0
0
0
0
3
2
29
23
0
0
1
0
0
0
0
52
12
12
3
0
0
0
4
0
0
14
19
23
5
2
11
0
0
0
0
0
0
0
0
0
0
0
0
1
0
0
0
0
0
0
0
0
0
5
59
25
2
0
0
0
0
0
0
10
103
4
16
0
0
0
0
0
0
0
1
17
9
0
0
0
0
0
0
15
4
12
13
3
0
0
0
2
0
0
10
16
7
19
1
0
0
0
0
0
0
0
0
0
0
0
0
0
0
0
0
0
0
0
0
0
0
1
19
18
9
1
0
0
0
0
0
0
1
12
1
1
1
0
0
0
0
0
2
13
3
1
0
0
0
2
0
0
4
11
4
21
0
0
0
0
0
0
0
5
6
1
7
1
0
21
0
0
0
0
0
0
0
0
0
0
0
0
0
0
0
0
0
0
0
0
0
0
4
26
33
34
0
0
0
0
0
0
7
7
38
1
2
0
0
0
0
0
18
66
1
10
19
0
0
0
0
0
0
7
3
9
10
9
0
0
0
0
0
0
3
23
2
0
0
0
0
0
0
0
0
0
0
0
0
0
0
0
0
0
0
0
0
0
44
81
11
0
0
0
0
0
0
0
1
2
2
12
0
0
0
0
0
5
5
11
41
2
0
0
0
0
0
0
12
17
4
1
3
9
9
0
0
1
16
0
2
4
0
0
0
0
0
0
0
0
1
0
0
0
0
0
0
0
0
0
0
0
0
0
0
0
0
0
0
0
0
10
18
15
0
1
0
0
0
0
25
2
5
4
0
0
0
0
0
20
31
14
0
0
0
0
0
0
2
25
29
3
0
0
0
0
0
0
0
0
0
0
0
0
0
0
0
0
0
0
0
0
0
0
0
0
4
70
3
0
0
0
0
0
0
0
79
52
8
0
0
0
0
0
0
0
8
13
6
6
14
0
0
0
0
0
2
31
19
9
6
0
0
0
0
0
0
1
18
2
1
0
0
0
0
0
0
0
0
0
0
0
0
0
0
0
0
0
0
0
0
0
3
0
0
0
0
0
0
0
0
0
0
0
0
0
0
0
0
0
0
0
0
0
0
5
6
0
0
0
0
0
0
0
7
0
0
4
2
0
0
0
0
0
0
1
5
4
3
0
0
0
0
0
0
0
0
0
0
0
0
0
0
0
0
0
0
0
0
0
0
0
7
11
0
5
0
0
0
0
7
34
3
6
2
0
0
0
0
0
8
10
9
2
0
0
0
0
0
0
4
0
12
0
0
0
0
0
0
0
5
12
21
77
0
0
0
0
0
0
0
0
0
0
0
0
0
0
0
0
0
0
0
0
0
1
5
6
13
0
0
0
0
1
14
23
1
7
0
0
0
0
0
0
1
0
16
1
0
0
0
0
21
65
34
10
1
0
0
0
0
0
9
35
10
4
2
0
0
0
0
0
0
0
0
0
0
0
0
0
0
0
0
0
0
0
0
0
0
2
79
13
47
27
0
0
0
0
2
4
8
3
4
0
0
0
0
0
0
2
5
14
13
0
0
0
0
0
81
33
1
1
0
0
0
0
0
0
50
4
7
0
0
0
0
0
0
0
0
0
0
0
0
0
0
0
0
0
0
0
0
0
0
0
4
5
20
10
1
0
0
0
0
0
0
184
6
18
10
0
0
0
0
0
2
10
6
1
1
0
0
7
0
0
2
26
3
27
12
0
0
38
0
20
26
22
38
0
0
0
0
0
0
0
0
0
0
0
0
0
0
0
0
0
0
0
0
0
0
0
0
0
3
73
29
11
8
1
0
0
0
0
0
0
50
6
9
0
1
0
0
0
0
15
6
27
15
2
0
0
0
0
2
29
68
23
1
0
0
0
0
0
0
39
12
15
1
4
0
0
0
0
0
0
0
0
0
0
0
0
0
0
0
0
25
0
0
0
0
0
0
0
0
2
180
1
8
1
0
0
0
0
0
1
257
44
2
3
0
0
0
0
0
0
24
10
360
22
0
0
0
0
0
0
5
6
27
8
0
0
0
0
24
6
0
15
0
0
0
0
0
0
0
0
0
0
0
0
0
0
0
21
0
0
0
0
0
0
0
0
0
8
1285
123
0
49
0
0
0
17
93
81
82
9
0
20
0
0
0
0
1731
98
1833
37
0
0
0
0
0
0
479
226
448
370
9
0
0
184
0
0
0
784
618
62
0
0
0
0
0
0
0
0
0
0
0
0
0
0
0
0
0
0
0
0
0
0
0
0
0
0
165
22
0
129
9
3
0
0
0
0
1
347
82
36
2
0
0
0
0
0
0
2
75
239
35
13
0
0
0
0
0
0
18
23
1008
6
17
0
0
0
0
0
0
15
0
0
0
0
0
3
0
0
0
0
0
0
36
0
0
0
0
0
0
0
0
0
0
39
3
0
0
0
0
44
4
14
18
0
0
0
0
0
0
32
9
11
7
1
0
0
0
0
0
0
15
14
9
18
0
0
0
0
0
0
1
187
5
182
22
10
1
0
0
0
0
11
70
7
18
0
0
0
0
0
0
0
0
0
0
0
0
0
0
0
0
0
0
0
0
0
0
0
0
0
0
0
5
7
8
13
2
0
0
0
0
0
0
1
4
3
7
0
0
0
0
0
0
1
3
8
3
0
0
0
5
0
0
0
7
38
147
6
0
0
0
0
0
0
1
4
0
1
0
0
0
0
0
4
0
0
0
0
0
0
0
0
0
0
0
0
0
0
0
5
35
30
5
2
0
0
0
0
0
1
0
0
12
3
0
0
0
0
0
0
0
11
30
27
0
0
0
0
0
0
3
16
1
6
6
0
0
0
0
0
0
4
2
7
4
0
9
0
0
0
0
0
0
0
0
0
0
0
0
0
0
0
0
0
0
0
0
0
3
0
11
0
0
0
0
0
0
0
1
6
5
0
0
0
0
0
0
4
25
2
3
0
0
0
0
0
0
7
17
0
0
0
0
0
0
4
19
4
0
0
0
0
0
0
0
0
0
0
0
0
0
0
0
0
0
0
0
0
6
52
0
0
0
0
0
0
0
101
1
58
79
0
0
0
0
0
18
178
203
51
0
0
0
0
0
0
181
14
9
2
0
0
0
0
0
0
75
40
1
2
0
0
0
0
0
0
0
0
0
0
0
0
0
0
0
0
0
0
0
25
2
0
0
0
0
0
0
0
5
1
0
0
0
0
0
0
0
2
0
4
0
0
0
0
0
1
0
1
0
0
0
0
0
0
0
1
1
7
2
0
0
0
0
0
0
0
0
0
0
0
0
0
0
0
0
0
0
0
0
0
3
1
19
0
0
0
0
0
0
4
3
7
30
0
0
0
0
5
0
11
3
2
0
6
0
0
0
0
3
33
1
1
5
0
0
0
0
0
0
16
113
16
173
0
0
0
0
0
0
0
0
0
0
0
0
0
0
0
0
0
0
0
0
212
77
55
23
2
0
0
0
0
25
580
807
708
0
2
0
0
0
0
0
166
64
7
104
0
0
0
0
0
0
22
153
154
25
7
0
0
0
0
0
0
20
298
218
4
0
0
0
0
0
0
0
0
0
0
0
0
0
0
0
0
0
0
0
0
0
19
6
39
0
0
0
0
0
0
27
7
51
6
6
0
0
0
0
7
358
29
13
23
4
0
0
282
106
188
5
0
0
0
0
0
0
0
234
84
46
2
0
0
0
0
0
0
0
0
0
0
0
0
0
0
0
0
0
0
0
0
1
12
12
1
0
0
0
0
0
0
0
17
8
13
1
0
0
0
0
0
6
54
1
0
0
0
0
5
0
0
0
18
19
41
2
0
4
3
0
0
0
1
15
25
0
4
0
0
0
0
0
0
0
0
0
0
2
0
0
0
0
0
0
0
0
0
0
0
0
0
0
0
17
10
1
0
0
0
0
0
0
7
10
131
84
2
0
10
0
0
433
54
6
2
0
0
0
0
0
2
798
197
9
6
5
0
0
0
0
1
16
638
1456
1253
2
0
0
0
0
0
0
0
0
0
0
0
0
0
0
0
0
0
0
0
0
0
244
401
595
31
1
0
0
0
0
0
0
254
445
343
17
0
2
0
0
0
0
66
849
30
24
8
2
3
0
5
0
0
1141
669
91
63
3
0
0
0
0
0
57
13
1066
128
3
0
0
0
0
0
0
0
0
0
0
0
0
0
0
0
0
0
3
2
0
0
28
1163
75
9
1
0
0
0
0
0
0
10
14
96
4
10
0
0
0
0
0
2
6
6
21
2
0
0
0
0
0
0
36
5
3
0
0
0
0
0
0
0
2
1
9
75
1
0
0
0
0
0
0
0
0
0
0
0
0
0
0
0
0
6
0
0
0
0
0
0
0
0
101
2
14
4
0
0
0
0
0
7
13
9
5
0
0
0
0
0
0
3
7
5
27
0
0
1
0
0
0
0
41
32
12
4
0
0
0
0
0
7
29
6
0
2
0
0
0
0
0
0
0
0
0
0
0
0
0
0
0
0
0
0
0
0
0
0
0
6
9
8
0
1
0
0
0
0
2
24
13
31
3
0
0
0
0
0
0
22
6
4
126
0
0
0
0
0
0
6
6
4
20
63
0
0
0
0
0
0
8
3
4
1
4
0
0
0
0
0
0
0
0
0
0
0
0
0
0
0
0
0
0
0
2
0
0
0
0
0
15
15
9
2
0
0
0
0
0
80
4
0
0
0
0
0
0
14
7
5
15
0
0
0
0
6
15
501
5
0
0
0
0
0
0
2
28
53
0
0
0
0
0
0
0
0
0
0
0
0
0
0
0
0
0
0
6
0
0
16
0
0
0
42
102
40
123
6
0
0
0
0
0
0
85
142
38
34
0
0
0
0
0
79
320
2
63
19
3
2
0
0
0
0
9
659
65
17
4
0
0
0
0
0
5
90
631
370
6
3
0
0
0
0
0
0
0
0
2
0
0
0
0
0
0
0
0
0
0
0
0
0
0
0
592
106
157
117
5
0
0
0
0
0
12
12
6
57
0
1
4
0
1
245
727
2101
2227
3
2
1
31
0
1
190
710
60
11
1
5
0
0
0
190
67
42
11
2
0
0
0
0
0
0
0
0
1
0
0
0
0
0
0
0
0
16
0
0
0
0
0
0
0
0
0
0
0
0
0
5
46
51
156
1
1
0
0
0
181
28
52
13
10
0
8
1
0
0
0
133
214
38
78
1
0
0
2
0
0
77
213
45
102
68
0
0
0
0
0
0
0
0
0
0
0
0
0
0
0
0
0
0
0
0
18
2
17
0
0
0
1
503
636
269
9
0
0
35
0
0
0
38
175
124
592
93
53
0
0
0
0
0
2
13
15
1
1
4965
144
0
0
0
3
4
6
44
19
5
192
0
0
0
0
119
513
6
5
0
2
0
0
0
0
0
0
0
0
0
0
0
0
0
0
0
23
0
0
0
0
0
0
252
33
234
2
1
0
0
0
0
0
0
1182
17
27
7
0
0
0
0
0
15
97
10
2
19
0
0
0
0
0
2
7
0
0
0
0
0
0
0
0
0
0
0
0
0
0
0
0
0
0
0
0
0
0
0
0
0
0
0
0
0
0
0
2
0
0
0
0
0
0
0
0
0
2
1
0
0
0
0
0
0
5
0
1
0
0
0
0
0
0
0
1
1
0
0
0
0
0
0
0
0
0
0
0
0
0
0
0
0
0
0
0
0
0
0
0
0
0
0
0
0
0
0
0
0
0
0
0
0
0
3
0
0
0
0
0
0
0
0
0
0
0
0
0
0
0
0
1
0
1
0
0
0
0
0
0
0
0
1
0
0
0
0
0
0
0
0
0
0
0
0
0
0
0
0
0
0
0
0
0
0
3
0
0
0
0
0
0
0
0
0
0
0
0
0
0
0
0
0
0
0
0
0
0
0
0
0
0
0
0
34
6
0
0
0
0
0
2
1
0
0
0
0
0
0
0
0
0
0
0
0
0
0
0
0
0
0
0
26
13
0
0
0
0
0
0
0
2
0
0
0
0
0
0
0
0
14
8
1
0
0
0
0
0
17
23
3
1
0
0
0
0
0
0
8
41
61
5
0
0
0
0
0
0
0
0
0
0
0
0
0
0
0
0
0
0
0
0
0
5
0
8
260
22
118
2
27
0
0
0
1
1400
49
48
5
0
0
0
0
0
1
148
22
6
1
2
0
0
0
6
0
15
20
122
476
1
0
0
0
0
0
2
8
2
0
20
0
0
0
0
0
0
0
0
0
0
0
0
0
0
0
0
0
0
0
0
0
0
0
0
0
0
0
0
0
0
0
0
0
0
0
0
0
2
0
0
0
0
0
0
0
0
4
0
0
0
0
5
4
22
36
34
0
0
0
0
3
1
10
30
7
0
0
0
0
0
8
26
0
73
0
12
15
0
0
3
47
17
15
113
0
0
0
0
0
0
2
46
17
89
0
0
0
0
0
0
0
0
8
0
0
0
0
0
0
0
0
0
0
0
0
0
0
0
4
2
7
39
1
1
1
0
0
0
0
5
3
10
83
9
0
0
0
0
0
0
13
7
6
5
2
5
0
0
0
0
5
29
0
13
9
0
0
0
3
0
4
3
0
0
77
0
0
0
0
0
0
0
0
0
0
0
0
0
0
0
0
0
1
0
0
0
0
0
2
5
2
30
6
0
4
0
0
0
0
21
32
1
13
2
0
0
0
0
0
0
19
24
70
0
4
0
0
0
0
2
2
35
33
0
0
0
0
0
0
3
17
20
4
45
0
37
0
0
0
0
0
0
0
0
0
0
0
0
0
0
0
0
18
0
0
0
0
8
13
24
353
2
1
0
0
1
0
3
11
47
31
93
0
0
0
0
0
0
13
11
38
99
58
0
0
0
0
0
14
35
12
10
2
1
1
0
0
0
0
46
36
24
12
0
0
0
0
0
0
0
0
22
0
0
0
0
0
0
0
0
0
0
0
0
4
20
0
0
0
57
26
10
3
15
14
0
0
0
0
3
21
17
26
36
0
0
0
0
0
0
16
28
2
1
0
0
0
0
0
1
1
7
3
17
7
0
0
6
0
0
0
3
56
17
61
40
0
0
0
0
0
0
0
0
0
0
0
0
0
0
0
0
0
0
0
0
0
0
0
0
0
0
1
10
125
18
4
0
0
0
0
0
0
0
0
0
0
1
0
1
0
1
0
0
1
24
24
8
0
0
0
0
0
0
3
8
6
27
2
1
0
0
0
0
0
5
10
3
173
1
0
0
0
0
0
0
0
0
0
0
0
0
0
0
0
0
0
0
0
0
0
0
0
0
0
12
7
20
91
0
0
0
0
0
0
2
16
39
78
2
0
0
0
0
0
1
8
10
16
90
0
0
0
0
0
0
6
49
15
10
9
15
0
0
0
0
2
19
4
23
1
1
0
0
0
0
0
0
0
0
0
0
0
0
0
0
0
0
0
6
39
0
0
0
0
2
13
56
12
5
0
0
0
0
0
2
6
21
37
0
0
0
0
0
10
13
1
7
0
1
0
0
0
0
48
37
25
3
0
0
0
0
0
0
79
4
4
11
0
0
13
0
0
0
0
0
0
0
0
0
0
0
0
0
0
0
20
0
0
0
0
0
0
0
12
60
71
12
0
0
0
0
0
2
11
18
3
40
11
2
0
0
0
0
3
3
7
14
34
1
0
0
0
0
0
3
31
3
6
52
0
0
4
0
0
2
26
8
128
5
0
0
0
0
0
0
0
0
0
0
0
0
0
0
0
0
0
2
0
0
0
0
0
0
20
23
16
7
0
12
0
0
0
0
0
40
3
5
6
0
5
0
0
0
0
5
9
28
14
6
0
2
0
0
0
0
1
8
37
11
0
0
0
0
0
12
156
61
1
8
0
0
0
0
0
0
0
0
0
0
0
0
0
0
0
20
0
8
0
0
0
0
0
27
2
14
11
1
0
10
0
0
0
3
6
2
6
5
0
2
1
0
0
0
15
15
318
15
15
0
0
0
0
0
26
8
2
30
9
0
0
0
0
0
0
11
11
0
6
0
0
1
0
0
0
0
0
0
0
0
0
0
0
0
0
0
0
0
0
0
0
0
0
0
2
10
30
11
22
8
0
1
0
0
0
3
24
13
17
23
0
5
0
0
0
7
238
32
19
0
0
0
0
0
0
0
1
24
83
68
0
0
0
0
0
0
2
11
41
40
6
0
0
0
0
0
0
0
0
0
0
0
0
0
0
0
0
0
0
0
0
0
0
0
0
0
0
0
0
0
0
0
0
0
0
0
0
0
0
0
0
0
0
0
0
0
204
12
99
80
31
0
0
0
0
0
1
131
28
39
1
1
0
0
0
0
1
0
1
5
0
0
0
0
0
0
0
5
3
0
0
0
0
0
0
0
0
0
0
