3
2
6
6
2
27
22
3
12
3
2
244
6
10
25
6
1
151
9
9
3
8
2
1
3
36
8
1
1
9
20
5
8
56
21
1
22
3
2
4
3
21
2
9
26
4
4
9
1
70
62
7
8
1
14
9
1
1
1
1
71
19
48
7
5
67
22
6
1
3
5
1
1
6
10
12
16
1
47
11
13
1
8
1
5
124
12
9
20
37
33
10
18
2
9
3
7
11
55
1
1
12
5
15
1
1
9
3
3
1
10
35
7
2
11
2
20
1
7
8
30
26
8
16
8
7
10
16
3
6
1
6
10
1
12
5
6
1
4
1
35
1
34
2
3
42
3
5
13
2
8
2
18
6
7
3
1
11
16
4
3
2
9
12
6
6
1
6
2
1
2
8
4
18
2
5
10
5
4
37
1
7
2
1
24
2
2
1
1
1
6
1
5
2
14
46
1
17
1
1
14
4
2
14
13
4
6
1
2
16
17
5
2
11
12
1
17
23
26
1
4
3
3
24
4
26
16
7
12
42
35
2
208
42
7
8
614
13
53
1
1
1
4
3
15
2
102
76
67
36
37
175
23
8
42
4
7
2
14
2
19
1
21
46
56
8
10
15
10
1
3
3
2
27
34
23
44
6
14
22
25
1
2
1
24
96
7
2
39
20
27
41
9
3
11
14
37
1
25
19
6
18
3
9
1
8
1
20
2
16
8
1
3
1
11
1
2
6
5
36
1
16
8
17
12
2
3
22
73
6
24
10
8
30
5
15
19
3
40
4
6
14
5
28
8
2
3
29
15
10
2
1
73
19
1
2
16
12
9
1
161
10
4
12
18
26
13
22
14
1
6
25
21
7
12
1
1
11
13
18
2
14
11
47
40
4
10
19
1
9
14
37
7
9
1
3
3
23
55
8
20
19
18
11
9
1
7
32
2
1
2
61
12
20
1
3
18
15
30
1
2
11
1
5
2
4
27
22
1
29
98
3
13
1
20
5
1
1
9
1
16
22
2
21
42
1
20
1
5
11
11
12
7
3
3
4
2
1
2
2
11
2
2
6
3
12
10
10
1
3
1
21
5
25
33
12
9
37
7
2
86
23
6
11
19
7
3
8
17
1
13
8
3
10
4
15
83
17
12
5
6
5
6
19
12
2
6
10
3
1
8
11
2
3
10
5
18
11
11
2
27
1
4
10
37
21
9
4
15
52
5
1
3
9
11
66
6
22
10
50
6
6
11
9
5
9
2
1
2
16
16
11
2
6
1
10
4
1
3
10
5
26
7
32
4
1
1
5
1
3
1
1
3
10
1
10
26
3
1
2
1
7
5
7
2
1
4
1
17
2
9
8
39
3
6
5
1
8
3
1
27
11
3
7
7
9
2
90
12
6
10
1
109
27
6
7
1
1
10
76
7
83
4
2
2
13
1
1
1
1
5
6
7
5
17
20
1
1
5
32
4
6
7
43
2
9
76
7
10
9
2
12
4
2
1
13
24
32
9
2
5
6
12
70
21
11
63
23
8
7
69
1
8
2
1
17
7
35
11
1
5
55
76
7
3
34
4
13
3
1
4
5
203
4
6
1
5
1
320
34
6
1
13
7
91
13
22
1
5
24
5
2
27
3
5
3
21
8
659
121
49
17
93
155
9
8
22
1673
116
1167
46
1001
95
732
54
9
57
71
28
282
304
63
31
168
15
1
123
1
2
34
181
42
21
1
26
208
46
9
11
1
14
1055
64
3
18
24
28
3
5
29
11
8
38
1
1
48
4
22
6
18
10
11
6
1
21
10
15
29
6
114
8
165
7
10
20
67
11
15
5
8
8
13
1
12
5
5
1
2
3
11
2
1
5
36
3
23
23
64
6
5
5
1
17
1
25
40
22
3
9
1
7
18
3
1
1
12
22
25
2
13
4
8
6
1
3
1
5
2
9
3
2
4
1
9
1
12
2
2
2
2
17
27
18
1
3
3
17
15
2
80
6
83
10
64
170
197
42
179
10
3
4
35
16
37
2
2
3
25
2
5
1
1
7
1
4
3
1
1
1
3
1
2
1
2
14
8
5
4
25
1
8
14
6
3
33
1
1
1
64
109
19
57
8
72
139
178
2
202
805
270
491
2
1
90
76
64
8
128
95
82
13
1
48
794
5
1
1
18
4
36
38
3
41
6
6
187
352
1
38
20
502
24
74
3
8
245
89
26
1
1
22
11
1
1
13
7
23
1
2
28
5
18
11
33
3
1
2
3
3
4
25
4
7
2
6
3
4
16
20
14
15
165
14
1
10
627
16
3
1
2
21
31
1562
113
24
4
1
145
477
3069
488
6
394
492
292
7
1
84
263
261
398
6
2
3
970
43
63
4
9
2
1
6
5
1554
273
137
15
6
5
100
72
407
33
1
7
204
1399
54
1
11
16
93
4
10
2
1
23
17
2
28
7
8
14
6
19
99
1
10
2
2
79
4
1
4
1
10
1
6
1
4
7
12
6
1
3
5
28
32
13
12
1
1
7
24
10
2
2
1
3
1
12
10
6
1
4
10
83
7
12
14
4
165
19
3
7
2
16
63
1
4
4
5
2
2
2
17
5
13
2
1
1
3
61
4
2
2
11
7
6
9
47
55
298
8
9
39
26
2
1
1
6
1
14
134
38
64
60
154
90
52
4
347
140
29
151
2
6
1
6
29
683
58
16
2
5
87
643
254
6
2
2
1
3
603
103
168
79
9
16
8
23
30
1
4
1
385
1146
496
1412
4
3
3
1
43
148
1142
52
5
2
268
22
76
2
7
15
9
48
52
181
1
244
1
65
3
6
10
1
286
94
41
43
2
1
2
245
70
138
113
1
5
5
38
37
510
787
479
3
1
33
175
120
116
706
124
67
1
21
6
11
15
5
4965
91
8
5
17
45
10
21
55
1
307
272
31
1
2
19
4
2
155
119
247
1
129
921
20
15
5
39
75
18
5
1
5
2
3
1
5
2
1
3
2
3
1
1
1
3
2
2
1
1
34
6
2
1
2
23
16
1
1
12
4
2
16
13
4
12
38
43
10
1
5
51
260
107
47
15
16
25
530
51
18
2
6
142
60
4
1
1
1
2
28
24
182
92
1
3
8
1
20
1
1
3
1
7
5
12
10
266
4
5
13
53
2
3
16
19
5
61
12
8
1
57
16
13
23
10
25
9
72
4
1
5
8
28
15
2
10
6
5
18
133
1
1
15
12
43
16
5
2
37
4
5
9
11
1
7
3
53
1
8
7
4
15
6
4
30
12
8
15
1
21
45
44
4
4
4
24
32
10
14
20
9
29
37
6
2
2
7
11
27
471
1
1
1
3
18
33
31
41
1
2
10
11
50
179
9
2
25
32
17
2
1
2
3
18
40
33
4
36
7
4
19
46
18
12
3
9
3
24
19
56
3
1
13
28
4
1
1
1
12
13
20
1
9
56
20
23
97
1
1
27
68
14
1
1
1
1
3
26
20
1
10
4
4
28
1
2
8
9
189
2
1
1
15
2
13
5
28
96
6
2
20
36
56
2
8
2
33
5
16
43
9
52
27
28
22
2
22
1
16
1
1
3
2
8
39
4
12
19
20
5
2
9
24
27
2
13
9
5
2
3
65
28
23
5
53
1
34
2
13
11
46
2
17
83
85
28
1
2
36
4
38
6
2
4
2
6
30
6
4
4
26
3
10
9
4
3
23
27
37
5
2
16
14
23
14
4
10
1
41
10
1
5
6
3
18
30
9
1
2
1
11
29
7
28
106
55
4
15
5
4
1
4
26
6
22
9
1
1
7
2
6
1
9
2
3
4
19
22
95
9
7
3
42
8
2
26
16
33
11
4
5
1
1
3
4
65
14
6
17
2
13
28
15
16
18
5
7
165
7
16
5
24
88
63
2
18
71
46
1
1
8
44
11
117
55
13
18
5
216
21
19
1
1
6
1
2
2
4
