1
3
1
1
3
1
1
2
10
1
2
2
1
2
1
1
5
2
4
2
21
1
2
1
2
1
2
4
1
2
1
1
1
1
10
18
1
5
1
4
1
2
1
2
1
5
2
1
4
1
1
2
2
1
2
1
3
5
1
1
1
2
7
1
2
1
1
2
3
3
2
1
1
1
1
4
2
1
2
1
1
2
5
5
2
3
1
2
1
5
1
1
2
1
4
3
4
1
1
1
1
5
2
1
5
3
2
2
3
1
1
10
1
35
2
2
2
7
4
7
1
3
2
2
1
1
3
2
1
3
1
1
2
2
1
1
3
2
1
3
1
1
1
2
1
1
1
2
3
17
2
1
2
1
1
4
5
1
1
1
1
7
1
3
2
3
2
4
2
1
1
1
5
1
39
1
2
5
2
1
4
2
3
1
1
2
1
1
11
3
3
1
2
2
1
1
2
1
24
2
2
5
12
1
1
8
2
1
2
2
1
1
1
2
2
2
1
2
5
1
5
2
1
4
17
1
2
3
2
1
1
4
1
1
3
3
2
9
2
1
2
1
7
2
3
4
3
4
1
33
2
1
3
15
1
4
3
3
2
1
3
3
1
1
2
1
2
1
3
1
2
1
2
3
1
1
2
7
3
2
7
7
1
12
7
3
2
1
