2
4
3
1
1
4
1
1
1
7
1
2
1
5
1
1
1
1
2
1
1
1
2
1
2
2
2
1
1
1
6
3
1
1
1
1
1
1
2
2
1
2
1
3
33
13
5
1
6
1
1
1
2
1
1
3
5
1
1
8
1
1
2
1
4
1
1
27
3
2
3
20
2
1
6
2
1
1
1
1
12
2
1
9
1
9
1
1
11
2
2
2
1
4
1
1
2
1
1
1
8
1
2
1
3
2
1
11
1
4
2
1
5
2
1
1
1
18
1
2
1
1
2
2
1
1
1
5
2
2
1
1
2
2
1
6
2
1
1
1
2
2
1
1
1
2
8
1
4
1
11
1
1
4
2
1
1
2
17
1
2
3
2
1
3
1
7
1
2
2
1
2
3
3
1
2
1
1
3
2
2
1
2
2
8
3
3
3
2
1
2
1
1
2
4
2
2
1
1
1
3
2
2
1
4
6
4
4
2
1
1
6
13
2
1
8
2
11
1
1
10
1
2
1
1
3
1
1
1
2
2
3
2
1
10
1
3
1
7
3
1
2
1
3
1
1
1
1
2
1
5
4
4
3
2
3
1
2
1
4
3
10
90
1
7
4
8
6
19
1
1
3
2
1
4
1
10
17
1
7
4
4
1
18
19
3
2
3
4
1
2
5
1
3
2
1
1
2
2
8
1
19
1
2
1
3
3
5
3
1
17
1
1
4
62
2
2
29
1
2
3
4
3
4
1
1
2
1
23
1
6
5
1
2
5
5
5
3
1
1
1
1
2
2
1
4
1
1
1
1
1
13
2
2
5
5
3
2
8
1
11
1
2
1
7
2
1
7
1
1
3
2
1
1
2
2
3
1
1
1
5
3
1
1
2
1
9
1
3
8
1
1
1
1
1
5
3
2
5
10
6
2
2
2
2
1
1
1
1
4
1
6
3
3
7
1
1
5
1
1
1
2
21
2
7
1
1
2
2
10
1
4
4
1
2
1
1
2
4
1
1
2
1
1
2
6
1
4
1
2
3
1
1
1
4
8
1
1
1
2
4
2
12
2
1
3
2
3
2
1
3
8
4
6
6
3
2
2
1
1
8
3
3
3
2
2
2
1
1
2
9
2
5
1
1
5
17
9
4
1
2
4
7
17
3
4
1
2
9
1
2
13
2
1
9
2
3
2
3
2
4
7
1
2
1
1
1
5
2
3
3
1
2
2
8
3
9
12
2
1
2
14
1
1
2
5
2
1
5
3
2
1
4
3
2
2
1
2
2
6
4
2
6
1
4
1
2
1
1
5
1
1
2
2
1
1
1
3
5
1
2
1
2
2
2
1
1
1
24
3
2
15
2
4
1
5
2
1
10
4
1
3
3
2
1
9
1
5
27
2
1
2
3
2
2
2
1
1
2
1
4
1
2
5
2
2
1
2
13
2
1
5
3
1
4
2
8
3
2
1
1
3
2
1
19
2
3
4
2
3
1
13
2
4
2
2
14
5
16
1
6
9
1
9
8
1
5
9
2
3
2
4
1
1
1
1
1
3
6
4
2
1
1
2
2
2
14
8
2
5
1
3
1
8
14
1
3
1
1
2
6
5
4
21
1
8
7
1
7
3
1
2
1
1
2
1
1
3
2
1
2
1
6
3
5
1
9
2
4
2
4
1
1
8
2
1
1
9
1
2
7
1
2
1
1
2
2
1
4
5
3
4
21
2
5
1
5
4
1
1
14
3
4
1
2
9
1
4
9
2
1
3
1
15
2
1
1
1
3
9
2
5
5
19
1
4
4
1
5
1
6
1
2
3
14
11
5
1
2
3
6
3
6
3
1
9
4
1
2
2
1
4
3
2
2
5
5
4
9
9
4
1
1
6
1
1
2
3
17
1
8
6
6
5
22
1
1
1
3
6
1
1
3
4
6
3
1
2
4
4
4
5
1
6
13
1
7
4
1
1
6
4
3
1
4
7
1
3
1
1
1
1
1
1
2
1
3
1
3
1
4
1
1
1
1
2
1
2
3
1
2
3
1
1
2
5
57
1
1
1
1
3
2
1
2
5
1
2
60
1
16
1
2
6
1
3
3
17
11
6
13
4
6
13
1
1
2
2
2
3
5
1
3
3
9
1
2
5
2
2
1
1
2
3
1
4
2
11
1
1
7
4
1
2
10
39
1
1
3
1
2
1
2
2
7
1
2
2
2
1
2
4
4
2
3
1
2
1
1
1
4
4
2
4
2
1
3
1
2
1
1
5
1
5
1
1
4
3
2
10
10
2
1
3
3
9
2
1
28
54
3
2
1
1
2
14
5
1
2
5
5
1
3
3
2
1
3
12
1
2
1
1
4
3
4
1
2
16
1
5
3
3
2
2
1
2
1
2
5
3
1
7
4
3
3
2
2
3
1
5
8
1
1
5
4
3
1
1
1
1
2
2
4
1
2
3
1
1
3
2
2
3
8
2
1
1
3
1
1
4
8
1
4
1
2
4
3
2
2
16
7
5
4
2
1
11
1
1
1
2
2
5
9
11
6
3
6
2
1
5
2
2
14
3
1
1
3
4
1
11
1
2
2
7
4
1
1
2
1
2
1
10
11
1
8
18
5
4
5
1
1
43
3
1
3
1
2
8
1
2
5
3
1
1
1
4
5
5
7
2
1
1
1
4
11
9
1
2
1
5
6
1
1
10
8
1
3
3
6
1
1
1
4
5
2
1
19
11
1
4
4
8
4
3
1
3
1
10
1
1
1
6
1
2
2
1
24
4
2
1
1
3
5
2
1
9
6
2
1
4
4
2
3
1
1
3
4
3
1
2
1
1
2
1
2
2
2
3
26
5
4
1
1
3
2
1
15
1
1
10
2
1
1
3
1
5
1
9
36
13
2
1
1
3
1
1
5
8
1
3
2
1
4
1
4
1
6
2
1
1
4
4
8
2
2
4
1
1
14
8
1
2
1
1
